sample_id,cell_type,prop,subset_run
2107UNHS-0291_Br2720_Mid_Bulk,Astro,0.03525466130061466,773
2107UNHS-0291_Br2720_Mid_Bulk,EndoMural,0.08396784427379907,773
2107UNHS-0291_Br2720_Mid_Bulk,Micro,0.04525631216978468,773
2107UNHS-0291_Br2720_Mid_Bulk,Oligo,0.29088459166509006,773
2107UNHS-0291_Br2720_Mid_Bulk,OPC,0.053396167743820014,773
2107UNHS-0291_Br2720_Mid_Bulk,Excit,0.33955604342284995,773
2107UNHS-0291_Br2720_Mid_Bulk,Inhib,0.15168437942404156,773
2107UNHS-0291_Br2720_Mid_Cyto,Astro,0.04125346010351764,773
2107UNHS-0291_Br2720_Mid_Cyto,EndoMural,0.08090829804965138,773
2107UNHS-0291_Br2720_Mid_Cyto,Micro,0.057651686071804244,773
2107UNHS-0291_Br2720_Mid_Cyto,Oligo,0.2394275046900853,773
2107UNHS-0291_Br2720_Mid_Cyto,OPC,0.049908867554460085,773
2107UNHS-0291_Br2720_Mid_Cyto,Excit,0.38461118722413673,773
2107UNHS-0291_Br2720_Mid_Cyto,Inhib,0.1462389963063447,773
2107UNHS-0291_Br2720_Mid_Nuc,Astro,0.04424515952035369,773
2107UNHS-0291_Br2720_Mid_Nuc,EndoMural,0.12072445881341752,773
2107UNHS-0291_Br2720_Mid_Nuc,Micro,0.04835078764551207,773
2107UNHS-0291_Br2720_Mid_Nuc,Oligo,0.1963197055502522,773
2107UNHS-0291_Br2720_Mid_Nuc,OPC,0.05913566170764984,773
2107UNHS-0291_Br2720_Mid_Nuc,Excit,0.37328430741783947,773
2107UNHS-0291_Br2720_Mid_Nuc,Inhib,0.1579399193449752,773
2107UNHS-0291_Br6432_Ant_Bulk,Astro,0.07975940462074087,773
2107UNHS-0291_Br6432_Ant_Bulk,EndoMural,0.09761330420662652,773
2107UNHS-0291_Br6432_Ant_Bulk,Micro,0.049338678323191165,773
2107UNHS-0291_Br6432_Ant_Bulk,Oligo,0.22107822288974904,773
2107UNHS-0291_Br6432_Ant_Bulk,OPC,0.07882966566336082,773
2107UNHS-0291_Br6432_Ant_Bulk,Excit,0.33048929050863834,773
2107UNHS-0291_Br6432_Ant_Bulk,Inhib,0.1428914337876933,773
2107UNHS-0291_Br6432_Ant_Cyto,Astro,0.09180980940156974,773
2107UNHS-0291_Br6432_Ant_Cyto,EndoMural,0.0888627952964784,773
2107UNHS-0291_Br6432_Ant_Cyto,Micro,0.07299074467181438,773
2107UNHS-0291_Br6432_Ant_Cyto,Oligo,0.1606870188550243,773
2107UNHS-0291_Br6432_Ant_Cyto,OPC,0.06820232853893309,773
2107UNHS-0291_Br6432_Ant_Cyto,Excit,0.38017285972866677,773
2107UNHS-0291_Br6432_Ant_Cyto,Inhib,0.13727444350751333,773
2107UNHS-0291_Br6432_Ant_Nuc,Astro,0.08391966725425243,773
2107UNHS-0291_Br6432_Ant_Nuc,EndoMural,0.11391354243428449,773
2107UNHS-0291_Br6432_Ant_Nuc,Micro,0.05015425821864525,773
2107UNHS-0291_Br6432_Ant_Nuc,Oligo,0.17734686652973194,773
2107UNHS-0291_Br6432_Ant_Nuc,OPC,0.08309305891784562,773
2107UNHS-0291_Br6432_Ant_Nuc,Excit,0.3540673544185247,773
2107UNHS-0291_Br6432_Ant_Nuc,Inhib,0.13750525222671559,773
2107UNHS-0291_Br6432_Mid_Bulk,Astro,0.12019801998055701,773
2107UNHS-0291_Br6432_Mid_Bulk,EndoMural,0.11375856220192257,773
2107UNHS-0291_Br6432_Mid_Bulk,Micro,0.0660986414056505,773
2107UNHS-0291_Br6432_Mid_Bulk,Oligo,0.13971498751133468,773
2107UNHS-0291_Br6432_Mid_Bulk,OPC,0.09458109485137223,773
2107UNHS-0291_Br6432_Mid_Bulk,Excit,0.3226911068714841,773
2107UNHS-0291_Br6432_Mid_Bulk,Inhib,0.14295758717767887,773
2107UNHS-0291_Br6432_Mid_Cyto,Astro,0.12254710505774946,773
2107UNHS-0291_Br6432_Mid_Cyto,EndoMural,0.11889097113758015,773
2107UNHS-0291_Br6432_Mid_Cyto,Micro,0.0851820833097722,773
2107UNHS-0291_Br6432_Mid_Cyto,Oligo,0.10395629003367249,773
2107UNHS-0291_Br6432_Mid_Cyto,OPC,0.08113547449576786,773
2107UNHS-0291_Br6432_Mid_Cyto,Excit,0.35087501979803465,773
2107UNHS-0291_Br6432_Mid_Cyto,Inhib,0.1374130561674231,773
2107UNHS-0291_Br6432_Mid_Nuc,Astro,0.11509978462309978,773
2107UNHS-0291_Br6432_Mid_Nuc,EndoMural,0.13557332933565103,773
2107UNHS-0291_Br6432_Mid_Nuc,Micro,0.06308809826132658,773
2107UNHS-0291_Br6432_Mid_Nuc,Oligo,0.11618940930287582,773
2107UNHS-0291_Br6432_Mid_Nuc,OPC,0.0889838135755618,773
2107UNHS-0291_Br6432_Mid_Nuc,Excit,0.3399567825114914,773
2107UNHS-0291_Br6432_Mid_Nuc,Inhib,0.1411087823899935,773
2107UNHS-0291_Br6471_Ant_Bulk,Astro,0.04171961942604088,773
2107UNHS-0291_Br6471_Ant_Bulk,EndoMural,0.08840814890802191,773
2107UNHS-0291_Br6471_Ant_Bulk,Micro,0.04226952067797677,773
2107UNHS-0291_Br6471_Ant_Bulk,Oligo,0.3049341009973515,773
2107UNHS-0291_Br6471_Ant_Bulk,OPC,0.046030812184940116,773
2107UNHS-0291_Br6471_Ant_Bulk,Excit,0.31473798907512546,773
2107UNHS-0291_Br6471_Ant_Bulk,Inhib,0.1618998087305434,773
2107UNHS-0291_Br6471_Ant_Cyto,Astro,0.04863629615362757,773
2107UNHS-0291_Br6471_Ant_Cyto,EndoMural,0.08431562150643501,773
2107UNHS-0291_Br6471_Ant_Cyto,Micro,0.06244948265248288,773
2107UNHS-0291_Br6471_Ant_Cyto,Oligo,0.2924257375992632,773
2107UNHS-0291_Br6471_Ant_Cyto,OPC,0.0438258720551205,773
2107UNHS-0291_Br6471_Ant_Cyto,Excit,0.3367237987186922,773
2107UNHS-0291_Br6471_Ant_Cyto,Inhib,0.13162319131437863,773
2107UNHS-0291_Br6471_Ant_Nuc,Astro,0.04202676701344515,773
2107UNHS-0291_Br6471_Ant_Nuc,EndoMural,0.11353154014470915,773
2107UNHS-0291_Br6471_Ant_Nuc,Micro,0.04242458863084269,773
2107UNHS-0291_Br6471_Ant_Nuc,Oligo,0.2532193560295185,773
2107UNHS-0291_Br6471_Ant_Nuc,OPC,0.047990118387893896,773
2107UNHS-0291_Br6471_Ant_Nuc,Excit,0.33499663006111186,773
2107UNHS-0291_Br6471_Ant_Nuc,Inhib,0.16581099973247873,773
2107UNHS-0293_Br2720_Mid_Bulk,Astro,0.10602808491189486,773
2107UNHS-0293_Br2720_Mid_Bulk,EndoMural,0.0674080954316363,773
2107UNHS-0293_Br2720_Mid_Bulk,Micro,0.05710881198357913,773
2107UNHS-0293_Br2720_Mid_Bulk,Oligo,0.21804067632143737,773
2107UNHS-0293_Br2720_Mid_Bulk,OPC,0.04465977348220194,773
2107UNHS-0293_Br2720_Mid_Bulk,Excit,0.3798415853399866,773
2107UNHS-0293_Br2720_Mid_Bulk,Inhib,0.12691297252926384,773
2107UNHS-0293_Br2720_Mid_Cyto,Astro,0.08259684677926078,773
2107UNHS-0293_Br2720_Mid_Cyto,EndoMural,0.06990061175073888,773
2107UNHS-0293_Br2720_Mid_Cyto,Micro,0.06572715222904801,773
2107UNHS-0293_Br2720_Mid_Cyto,Oligo,0.20025958461724258,773
2107UNHS-0293_Br2720_Mid_Cyto,OPC,0.04570580520363736,773
2107UNHS-0293_Br2720_Mid_Cyto,Excit,0.3798742937219884,773
2107UNHS-0293_Br2720_Mid_Cyto,Inhib,0.155935705698084,773
2107UNHS-0293_Br6432_Ant_Bulk,Astro,0.14199819718054696,773
2107UNHS-0293_Br6432_Ant_Bulk,EndoMural,0.07431372012489447,773
2107UNHS-0293_Br6432_Ant_Bulk,Micro,0.05263649643011262,773
2107UNHS-0293_Br6432_Ant_Bulk,Oligo,0.14830320424136534,773
2107UNHS-0293_Br6432_Ant_Bulk,OPC,0.07371819194618247,773
2107UNHS-0293_Br6432_Ant_Bulk,Excit,0.38861691009940824,773
2107UNHS-0293_Br6432_Ant_Bulk,Inhib,0.12041327997748992,773
2107UNHS-0293_Br6432_Ant_Cyto,Astro,0.13612067071394274,773
2107UNHS-0293_Br6432_Ant_Cyto,EndoMural,0.07444431493788835,773
2107UNHS-0293_Br6432_Ant_Cyto,Micro,0.06225369897422867,773
2107UNHS-0293_Br6432_Ant_Cyto,Oligo,0.1212629941313942,773
2107UNHS-0293_Br6432_Ant_Cyto,OPC,0.06814089342051036,773
2107UNHS-0293_Br6432_Ant_Cyto,Excit,0.3915515377158176,773
2107UNHS-0293_Br6432_Ant_Cyto,Inhib,0.14622589010621806,773
2107UNHS-0293_Br6432_Ant_Nuc,Astro,0.13199921106473614,773
2107UNHS-0293_Br6432_Ant_Nuc,EndoMural,0.08741410182316933,773
2107UNHS-0293_Br6432_Ant_Nuc,Micro,0.047778193666951525,773
2107UNHS-0293_Br6432_Ant_Nuc,Oligo,0.1424173717075887,773
2107UNHS-0293_Br6432_Ant_Nuc,OPC,0.07559368680674618,773
2107UNHS-0293_Br6432_Ant_Nuc,Excit,0.396709653329288,773
2107UNHS-0293_Br6432_Ant_Nuc,Inhib,0.11808778160152023,773
2107UNHS-0293_Br6432_Mid_Bulk,Astro,0.16816330248182054,773
2107UNHS-0293_Br6432_Mid_Bulk,EndoMural,0.08773024762798251,773
2107UNHS-0293_Br6432_Mid_Bulk,Micro,0.06386525583424969,773
2107UNHS-0293_Br6432_Mid_Bulk,Oligo,0.10874822825004225,773
2107UNHS-0293_Br6432_Mid_Bulk,OPC,0.08009459695281103,773
2107UNHS-0293_Br6432_Mid_Bulk,Excit,0.37697745802682275,773
2107UNHS-0293_Br6432_Mid_Bulk,Inhib,0.11442091082627115,773
2107UNHS-0293_Br6432_Mid_Cyto,Astro,0.16358239652949436,773
2107UNHS-0293_Br6432_Mid_Cyto,EndoMural,0.09653207602199315,773
2107UNHS-0293_Br6432_Mid_Cyto,Micro,0.06849120251546141,773
2107UNHS-0293_Br6432_Mid_Cyto,Oligo,0.07550106711083689,773
2107UNHS-0293_Br6432_Mid_Cyto,OPC,0.07507787867623729,773
2107UNHS-0293_Br6432_Mid_Cyto,Excit,0.3702842351275438,773
2107UNHS-0293_Br6432_Mid_Cyto,Inhib,0.15053114401843312,773
2107UNHS-0293_Br6432_Mid_Nuc,Astro,0.1639340462816829,773
2107UNHS-0293_Br6432_Mid_Nuc,EndoMural,0.09401127090429845,773
2107UNHS-0293_Br6432_Mid_Nuc,Micro,0.06025304111188947,773
2107UNHS-0293_Br6432_Mid_Nuc,Oligo,0.0933017098482163,773
2107UNHS-0293_Br6432_Mid_Nuc,OPC,0.07584869984569301,773
2107UNHS-0293_Br6432_Mid_Nuc,Excit,0.3987184157657087,773
2107UNHS-0293_Br6432_Mid_Nuc,Inhib,0.11393281624251121,773
2107UNHS-0293_Br6471_Ant_Bulk,Astro,0.0969086103334114,773
2107UNHS-0293_Br6471_Ant_Bulk,EndoMural,0.08901963868259215,773
2107UNHS-0293_Br6471_Ant_Bulk,Micro,0.04649153314337921,773
2107UNHS-0293_Br6471_Ant_Bulk,Oligo,0.21190975044848886,773
2107UNHS-0293_Br6471_Ant_Bulk,OPC,0.04408342949234547,773
2107UNHS-0293_Br6471_Ant_Bulk,Excit,0.3799853946434153,773
2107UNHS-0293_Br6471_Ant_Bulk,Inhib,0.13160164325636758,773
2107UNHS-0293_Br6471_Ant_Cyto,Astro,0.10729836935539575,773
2107UNHS-0293_Br6471_Ant_Cyto,EndoMural,0.0876677525518657,773
2107UNHS-0293_Br6471_Ant_Cyto,Micro,0.06507199837905259,773
2107UNHS-0293_Br6471_Ant_Cyto,Oligo,0.20504069369775654,773
2107UNHS-0293_Br6471_Ant_Cyto,OPC,0.043195116955611394,773
2107UNHS-0293_Br6471_Ant_Cyto,Excit,0.350064174426286,773
2107UNHS-0293_Br6471_Ant_Cyto,Inhib,0.1416618946340321,773
2107UNHS-0293_Br6471_Ant_Nuc,Astro,0.08641052913322438,773
2107UNHS-0293_Br6471_Ant_Nuc,EndoMural,0.10531105125571737,773
2107UNHS-0293_Br6471_Ant_Nuc,Micro,0.042646999538371984,773
2107UNHS-0293_Br6471_Ant_Nuc,Oligo,0.22291509546219743,773
2107UNHS-0293_Br6471_Ant_Nuc,OPC,0.04454345901402853,773
2107UNHS-0293_Br6471_Ant_Nuc,Excit,0.34760266509448084,773
2107UNHS-0293_Br6471_Ant_Nuc,Inhib,0.15057020050197953,773
AN00000904_Br2720_Post_Bulk,Astro,0.024358500611272874,773
AN00000904_Br2720_Post_Bulk,EndoMural,0.10154544102338106,773
AN00000904_Br2720_Post_Bulk,Micro,0.05320436685903771,773
AN00000904_Br2720_Post_Bulk,Oligo,0.22986557569501806,773
AN00000904_Br2720_Post_Bulk,OPC,0.051034532643201874,773
AN00000904_Br2720_Post_Bulk,Excit,0.3682853732464934,773
AN00000904_Br2720_Post_Bulk,Inhib,0.171706209921595,773
AN00000904_Br2720_Post_Cyto,Astro,0.041218844822882746,773
AN00000904_Br2720_Post_Cyto,EndoMural,0.11240177491187292,773
AN00000904_Br2720_Post_Cyto,Micro,0.0802257249097448,773
AN00000904_Br2720_Post_Cyto,Oligo,0.1941740400465374,773
AN00000904_Br2720_Post_Cyto,OPC,0.05354251185213314,773
AN00000904_Br2720_Post_Cyto,Excit,0.3840648017473715,773
AN00000904_Br2720_Post_Cyto,Inhib,0.13437230170945738,773
AN00000904_Br2720_Post_Nuc,Astro,0.039539631741573975,773
AN00000904_Br2720_Post_Nuc,EndoMural,0.14286555454313712,773
AN00000904_Br2720_Post_Nuc,Micro,0.06080821431377114,773
AN00000904_Br2720_Post_Nuc,Oligo,0.14867325459508676,773
AN00000904_Br2720_Post_Nuc,OPC,0.05757578327334956,773
AN00000904_Br2720_Post_Nuc,Excit,0.39106612573413013,773
AN00000904_Br2720_Post_Nuc,Inhib,0.15947143579895134,773
AN00000904_Br2743_Ant_Bulk,Astro,0.026867399674816404,773
AN00000904_Br2743_Ant_Bulk,EndoMural,0.0662006476872159,773
AN00000904_Br2743_Ant_Bulk,Micro,0.03928581707201614,773
AN00000904_Br2743_Ant_Bulk,Oligo,0.332345504134934,773
AN00000904_Br2743_Ant_Bulk,OPC,0.052527110128735344,773
AN00000904_Br2743_Ant_Bulk,Excit,0.34402895715839427,773
AN00000904_Br2743_Ant_Bulk,Inhib,0.13874456414388792,773
AN00000904_Br2743_Ant_Nuc,Astro,0.06555790729542102,773
AN00000904_Br2743_Ant_Nuc,EndoMural,0.1615297542196334,773
AN00000904_Br2743_Ant_Nuc,Micro,0.06333975294783004,773
AN00000904_Br2743_Ant_Nuc,Oligo,0.1814420109037887,773
AN00000904_Br2743_Ant_Nuc,OPC,0.0682766750001769,773
AN00000904_Br2743_Ant_Nuc,Excit,0.3351444034145384,773
AN00000904_Br2743_Ant_Nuc,Inhib,0.12470949621861159,773
AN00000904_Br3942_Ant_Bulk,Astro,0.10328664961887105,773
AN00000904_Br3942_Ant_Bulk,EndoMural,0.09694563217513574,773
AN00000904_Br3942_Ant_Bulk,Micro,0.04790769538266818,773
AN00000904_Br3942_Ant_Bulk,Oligo,0.14359499048176655,773
AN00000904_Br3942_Ant_Bulk,OPC,0.06529279447529299,773
AN00000904_Br3942_Ant_Bulk,Excit,0.38936592833992073,773
AN00000904_Br3942_Ant_Bulk,Inhib,0.1536063095263448,773
AN00000904_Br3942_Ant_Cyto,Astro,0.11916198939499185,773
AN00000904_Br3942_Ant_Cyto,EndoMural,0.10414676550746702,773
AN00000904_Br3942_Ant_Cyto,Micro,0.09106474837721801,773
AN00000904_Br3942_Ant_Cyto,Oligo,0.17675145435541026,773
AN00000904_Br3942_Ant_Cyto,OPC,0.05711398029361834,773
AN00000904_Br3942_Ant_Cyto,Excit,0.3551513511536358,773
AN00000904_Br3942_Ant_Cyto,Inhib,0.09660971091765876,773
AN00000904_Br3942_Ant_Nuc,Astro,0.10872877387344185,773
AN00000904_Br3942_Ant_Nuc,EndoMural,0.11576258971357217,773
AN00000904_Br3942_Ant_Nuc,Micro,0.052304738579720955,773
AN00000904_Br3942_Ant_Nuc,Oligo,0.12972492712581488,773
AN00000904_Br3942_Ant_Nuc,OPC,0.06628676532737598,773
AN00000904_Br3942_Ant_Nuc,Excit,0.36773659847824913,773
AN00000904_Br3942_Ant_Nuc,Inhib,0.15945560690182503,773
AN00000904_Br3942_Mid_Bulk,Astro,0.07503047057023525,773
AN00000904_Br3942_Mid_Bulk,EndoMural,0.09008045437816298,773
AN00000904_Br3942_Mid_Bulk,Micro,0.042443474016928835,773
AN00000904_Br3942_Mid_Bulk,Oligo,0.25455000469132816,773
AN00000904_Br3942_Mid_Bulk,OPC,0.05742108030169655,773
AN00000904_Br3942_Mid_Bulk,Excit,0.33941298663631975,773
AN00000904_Br3942_Mid_Bulk,Inhib,0.14106152940532857,773
AN00000904_Br3942_Mid_Cyto,Astro,0.09224749061627063,773
AN00000904_Br3942_Mid_Cyto,EndoMural,0.11278866600789536,773
AN00000904_Br3942_Mid_Cyto,Micro,0.07485180299735249,773
AN00000904_Br3942_Mid_Cyto,Oligo,0.216587421162392,773
AN00000904_Br3942_Mid_Cyto,OPC,0.048788401449962805,773
AN00000904_Br3942_Mid_Cyto,Excit,0.3525845886541882,773
AN00000904_Br3942_Mid_Cyto,Inhib,0.10215162911193863,773
AN00000904_Br3942_Mid_Nuc,Astro,0.08453458784614495,773
AN00000904_Br3942_Mid_Nuc,EndoMural,0.11893720843364247,773
AN00000904_Br3942_Mid_Nuc,Micro,0.05270230181978865,773
AN00000904_Br3942_Mid_Nuc,Oligo,0.20511687671030193,773
AN00000904_Br3942_Mid_Nuc,OPC,0.05348036738132796,773
AN00000904_Br3942_Mid_Nuc,Excit,0.35468243382345815,773
AN00000904_Br3942_Mid_Nuc,Inhib,0.1305462239853358,773
AN00000904_Br6423_Ant_Bulk,Astro,0.10010550850707212,773
AN00000904_Br6423_Ant_Bulk,EndoMural,0.09063922774094316,773
AN00000904_Br6423_Ant_Bulk,Micro,0.050188588986410446,773
AN00000904_Br6423_Ant_Bulk,Oligo,0.27497379474191763,773
AN00000904_Br6423_Ant_Bulk,OPC,0.042855356931043,773
AN00000904_Br6423_Ant_Bulk,Excit,0.2878251631080412,773
AN00000904_Br6423_Ant_Bulk,Inhib,0.15341235998457253,773
AN00000904_Br6423_Ant_Cyto,Astro,0.10563886886566234,773
AN00000904_Br6423_Ant_Cyto,EndoMural,0.10365093722939567,773
AN00000904_Br6423_Ant_Cyto,Micro,0.06926216714905455,773
AN00000904_Br6423_Ant_Cyto,Oligo,0.24351946722889103,773
AN00000904_Br6423_Ant_Cyto,OPC,0.046343629838259986,773
AN00000904_Br6423_Ant_Cyto,Excit,0.29403036879554,773
AN00000904_Br6423_Ant_Cyto,Inhib,0.13755456089319645,773
AN00000904_Br6423_Ant_Nuc,Astro,0.10604097681338719,773
AN00000904_Br6423_Ant_Nuc,EndoMural,0.10758795259398432,773
AN00000904_Br6423_Ant_Nuc,Micro,0.06573915791631652,773
AN00000904_Br6423_Ant_Nuc,Oligo,0.23768146916954225,773
AN00000904_Br6423_Ant_Nuc,OPC,0.050442735967063335,773
AN00000904_Br6423_Ant_Nuc,Excit,0.29722771700683,773
AN00000904_Br6423_Ant_Nuc,Inhib,0.1352799905328764,773
AN00000904_Br6423_Post_Bulk,Astro,0.095638199157836,773
AN00000904_Br6423_Post_Bulk,EndoMural,0.08986350218229819,773
AN00000904_Br6423_Post_Bulk,Micro,0.05210831510927524,773
AN00000904_Br6423_Post_Bulk,Oligo,0.29403149619652214,773
AN00000904_Br6423_Post_Bulk,OPC,0.039590267582781315,773
AN00000904_Br6423_Post_Bulk,Excit,0.2671200612650664,773
AN00000904_Br6423_Post_Bulk,Inhib,0.1616481585062207,773
AN00000904_Br6423_Post_Cyto,Astro,0.0955001182924552,773
AN00000904_Br6423_Post_Cyto,EndoMural,0.11238297415756748,773
AN00000904_Br6423_Post_Cyto,Micro,0.06619583965196998,773
AN00000904_Br6423_Post_Cyto,Oligo,0.2482975711661811,773
AN00000904_Br6423_Post_Cyto,OPC,0.04251373678268235,773
AN00000904_Br6423_Post_Cyto,Excit,0.28619812330779026,773
AN00000904_Br6423_Post_Cyto,Inhib,0.14891163664135368,773
AN00000904_Br6423_Post_Nuc,Astro,0.09850300992329507,773
AN00000904_Br6423_Post_Nuc,EndoMural,0.12121834904561786,773
AN00000904_Br6423_Post_Nuc,Micro,0.06399088291713849,773
AN00000904_Br6423_Post_Nuc,Oligo,0.2590458844657233,773
AN00000904_Br6423_Post_Nuc,OPC,0.04503128344553099,773
AN00000904_Br6423_Post_Nuc,Excit,0.273087670349112,773
AN00000904_Br6423_Post_Nuc,Inhib,0.13912291985358233,773
AN00000904_Br6471_Mid_Bulk,Astro,0.026251185833273575,773
AN00000904_Br6471_Mid_Bulk,EndoMural,0.07682333663761914,773
AN00000904_Br6471_Mid_Bulk,Micro,0.041648944759396435,773
AN00000904_Br6471_Mid_Bulk,Oligo,0.3764811173442304,773
AN00000904_Br6471_Mid_Bulk,OPC,0.044003325917466744,773
AN00000904_Br6471_Mid_Bulk,Excit,0.3069603168791449,773
AN00000904_Br6471_Mid_Bulk,Inhib,0.12783177262886877,773
AN00000904_Br6471_Mid_Cyto,Astro,0.03293563151887155,773
AN00000904_Br6471_Mid_Cyto,EndoMural,0.07979616303083821,773
AN00000904_Br6471_Mid_Cyto,Micro,0.0610019647896137,773
AN00000904_Br6471_Mid_Cyto,Oligo,0.4228176016923831,773
AN00000904_Br6471_Mid_Cyto,OPC,0.03950513985714218,773
AN00000904_Br6471_Mid_Cyto,Excit,0.2692215083635094,773
AN00000904_Br6471_Mid_Cyto,Inhib,0.09472199074764194,773
AN00000904_Br6471_Mid_Nuc,Astro,0.03194849603316492,773
AN00000904_Br6471_Mid_Nuc,EndoMural,0.0955282477319567,773
AN00000904_Br6471_Mid_Nuc,Micro,0.04719398649120219,773
AN00000904_Br6471_Mid_Nuc,Oligo,0.39458235119691193,773
AN00000904_Br6471_Mid_Nuc,OPC,0.04390253900757612,773
AN00000904_Br6471_Mid_Nuc,Excit,0.2810665300264676,773
AN00000904_Br6471_Mid_Nuc,Inhib,0.1057778495127205,773
AN00000904_Br6522_Mid_Bulk,Astro,0.03672291051778521,773
AN00000904_Br6522_Mid_Bulk,EndoMural,0.07780232655117891,773
AN00000904_Br6522_Mid_Bulk,Micro,0.04528073091174614,773
AN00000904_Br6522_Mid_Bulk,Oligo,0.25608596179245585,773
AN00000904_Br6522_Mid_Bulk,OPC,0.05387305063856613,773
AN00000904_Br6522_Mid_Bulk,Excit,0.3890287853430323,773
AN00000904_Br6522_Mid_Bulk,Inhib,0.14120623424523548,773
AN00000904_Br6522_Mid_Cyto,Astro,0.05904100402451797,773
AN00000904_Br6522_Mid_Cyto,EndoMural,0.08334221293183638,773
AN00000904_Br6522_Mid_Cyto,Micro,0.07882683993653408,773
AN00000904_Br6522_Mid_Cyto,Oligo,0.2774788588553333,773
AN00000904_Br6522_Mid_Cyto,OPC,0.056289747556415796,773
AN00000904_Br6522_Mid_Cyto,Excit,0.3503540745816929,773
AN00000904_Br6522_Mid_Cyto,Inhib,0.09466726211366949,773
AN00000904_Br6522_Mid_Nuc,Astro,0.052741773221963835,773
AN00000904_Br6522_Mid_Nuc,EndoMural,0.11049190502075999,773
AN00000904_Br6522_Mid_Nuc,Micro,0.05906247112274863,773
AN00000904_Br6522_Mid_Nuc,Oligo,0.24610286071471735,773
AN00000904_Br6522_Mid_Nuc,OPC,0.05562458079163938,773
AN00000904_Br6522_Mid_Nuc,Excit,0.3551755886041003,773
AN00000904_Br6522_Mid_Nuc,Inhib,0.12080082052407055,773
AN00000904_Br6522_Post_Bulk,Astro,0.042316664255055834,773
AN00000904_Br6522_Post_Bulk,EndoMural,0.08551214292813189,773
AN00000904_Br6522_Post_Bulk,Micro,0.0476183206579384,773
AN00000904_Br6522_Post_Bulk,Oligo,0.2073471008615206,773
AN00000904_Br6522_Post_Bulk,OPC,0.05762715018070229,773
AN00000904_Br6522_Post_Bulk,Excit,0.3873285725479042,773
AN00000904_Br6522_Post_Bulk,Inhib,0.1722500485687467,773
AN00000904_Br6522_Post_Cyto,Astro,0.05458734098934309,773
AN00000904_Br6522_Post_Cyto,EndoMural,0.08808465187931062,773
AN00000904_Br6522_Post_Cyto,Micro,0.07149458280308721,773
AN00000904_Br6522_Post_Cyto,Oligo,0.18156107483738462,773
AN00000904_Br6522_Post_Cyto,OPC,0.05459038824523244,773
AN00000904_Br6522_Post_Cyto,Excit,0.4185567075471481,773
AN00000904_Br6522_Post_Cyto,Inhib,0.13112525369849398,773
AN00000904_Br6522_Post_Nuc,Astro,0.053311394942606616,773
AN00000904_Br6522_Post_Nuc,EndoMural,0.130701872434908,773
AN00000904_Br6522_Post_Nuc,Micro,0.05282087049507261,773
AN00000904_Br6522_Post_Nuc,Oligo,0.13563008880161073,773
AN00000904_Br6522_Post_Nuc,OPC,0.05593247103159818,773
AN00000904_Br6522_Post_Nuc,Excit,0.4208471506980038,773
AN00000904_Br6522_Post_Nuc,Inhib,0.15075615159620007,773
AN00000904_Br8325_Ant_Bulk,Astro,0.07643457180882085,773
AN00000904_Br8325_Ant_Bulk,EndoMural,0.11470052472846352,773
AN00000904_Br8325_Ant_Bulk,Micro,0.05223901562396014,773
AN00000904_Br8325_Ant_Bulk,Oligo,0.13687505331075106,773
AN00000904_Br8325_Ant_Bulk,OPC,0.05257684276531624,773
AN00000904_Br8325_Ant_Bulk,Excit,0.37131900655701244,773
AN00000904_Br8325_Ant_Bulk,Inhib,0.19585498520567582,773
AN00000904_Br8325_Ant_Cyto,Astro,0.07584331412467447,773
AN00000904_Br8325_Ant_Cyto,EndoMural,0.11346707573185236,773
AN00000904_Br8325_Ant_Cyto,Micro,0.07451203803544372,773
AN00000904_Br8325_Ant_Cyto,Oligo,0.17715833294319322,773
AN00000904_Br8325_Ant_Cyto,OPC,0.05959973895867196,773
AN00000904_Br8325_Ant_Cyto,Excit,0.3555043760793096,773
AN00000904_Br8325_Ant_Cyto,Inhib,0.14391512412685467,773
AN00000904_Br8325_Ant_Nuc,Astro,0.08202087832338038,773
AN00000904_Br8325_Ant_Nuc,EndoMural,0.1257601158707357,773
AN00000904_Br8325_Ant_Nuc,Micro,0.06748531770163195,773
AN00000904_Br8325_Ant_Nuc,Oligo,0.17885402450223273,773
AN00000904_Br8325_Ant_Nuc,OPC,0.060167428741761106,773
AN00000904_Br8325_Ant_Nuc,Excit,0.34135641402380973,773
AN00000904_Br8325_Ant_Nuc,Inhib,0.14435582083644832,773
AN00000904_Br8325_Mid_Bulk,Astro,3.9310726307863885e-13,773
AN00000904_Br8325_Mid_Bulk,EndoMural,0.047522471735290894,773
AN00000904_Br8325_Mid_Bulk,Micro,0.029473647927262012,773
AN00000904_Br8325_Mid_Bulk,Oligo,0.7243254338590763,773
AN00000904_Br8325_Mid_Bulk,OPC,0.026232396653943547,773
AN00000904_Br8325_Mid_Bulk,Excit,0.10306083778280226,773
AN00000904_Br8325_Mid_Bulk,Inhib,0.06938521204123183,773
AN00000904_Br8325_Mid_Cyto,Astro,9.033011067311769e-14,773
AN00000904_Br8325_Mid_Cyto,EndoMural,0.022691889544083885,773
AN00000904_Br8325_Mid_Cyto,Micro,0.032789920854162345,773
AN00000904_Br8325_Mid_Cyto,Oligo,0.891941011760005,773
AN00000904_Br8325_Mid_Cyto,OPC,0.016737363678860705,773
AN00000904_Br8325_Mid_Cyto,Excit,0.01780685594462233,773
AN00000904_Br8325_Mid_Cyto,Inhib,0.01803295821817537,773
AN00000904_Br8492_Mid_Bulk,Astro,0.018531951643752792,773
AN00000904_Br8492_Mid_Bulk,EndoMural,0.09700968559811628,773
AN00000904_Br8492_Mid_Bulk,Micro,0.051223964044729134,773
AN00000904_Br8492_Mid_Bulk,Oligo,0.3015475537599947,773
AN00000904_Br8492_Mid_Bulk,OPC,0.028419514984803045,773
AN00000904_Br8492_Mid_Bulk,Excit,0.3787548091572845,773
AN00000904_Br8492_Mid_Bulk,Inhib,0.12451252081131951,773
AN00000904_Br8492_Mid_Cyto,Astro,0.04082514513795299,773
AN00000904_Br8492_Mid_Cyto,EndoMural,0.09421703197976197,773
AN00000904_Br8492_Mid_Cyto,Micro,0.0706629891098265,773
AN00000904_Br8492_Mid_Cyto,Oligo,0.2617373293934694,773
AN00000904_Br8492_Mid_Cyto,OPC,0.040454387785605825,773
AN00000904_Br8492_Mid_Cyto,Excit,0.3825898286212307,773
AN00000904_Br8492_Mid_Cyto,Inhib,0.10951328797215255,773
AN00000904_Br8492_Mid_Nuc,Astro,0.03792857626612169,773
AN00000904_Br8492_Mid_Nuc,EndoMural,0.1416534484371683,773
AN00000904_Br8492_Mid_Nuc,Micro,0.06612880759513547,773
AN00000904_Br8492_Mid_Nuc,Oligo,0.2254680066651127,773
AN00000904_Br8492_Mid_Nuc,OPC,0.03754646773164302,773
AN00000904_Br8492_Mid_Nuc,Excit,0.3646031296466505,773
AN00000904_Br8492_Mid_Nuc,Inhib,0.12667156365816826,773
AN00000904_Br8492_Post_Bulk,Astro,0.014353433128353183,773
AN00000904_Br8492_Post_Bulk,EndoMural,0.11289611833550026,773
AN00000904_Br8492_Post_Bulk,Micro,0.04823160263986178,773
AN00000904_Br8492_Post_Bulk,Oligo,0.30899282153811863,773
AN00000904_Br8492_Post_Bulk,OPC,0.022984693525894065,773
AN00000904_Br8492_Post_Bulk,Excit,0.3527836924673592,773
AN00000904_Br8492_Post_Bulk,Inhib,0.13975763836491292,773
AN00000904_Br8492_Post_Cyto,Astro,0.028941229197467094,773
AN00000904_Br8492_Post_Cyto,EndoMural,0.1142181410830725,773
AN00000904_Br8492_Post_Cyto,Micro,0.06495470259319601,773
AN00000904_Br8492_Post_Cyto,Oligo,0.2955970648286207,773
AN00000904_Br8492_Post_Cyto,OPC,0.032107427696854,773
AN00000904_Br8492_Post_Cyto,Excit,0.3461357088871906,773
AN00000904_Br8492_Post_Cyto,Inhib,0.11804572571359916,773
AN00000904_Br8492_Post_Nuc,Astro,0.028929392644672036,773
AN00000904_Br8492_Post_Nuc,EndoMural,0.15809396770104822,773
AN00000904_Br8492_Post_Nuc,Micro,0.057287829947275805,773
AN00000904_Br8492_Post_Nuc,Oligo,0.22487438410332644,773
AN00000904_Br8492_Post_Nuc,OPC,0.03231465484971087,773
AN00000904_Br8492_Post_Nuc,Excit,0.3584221408013723,773
AN00000904_Br8492_Post_Nuc,Inhib,0.14007762995259426,773
AN00000904_Br8667_Ant_Bulk,Astro,0.14398661107035565,773
AN00000904_Br8667_Ant_Bulk,EndoMural,0.08766574516759262,773
AN00000904_Br8667_Ant_Bulk,Micro,0.050499259658207625,773
AN00000904_Br8667_Ant_Bulk,Oligo,0.2628742532186067,773
AN00000904_Br8667_Ant_Bulk,OPC,0.050277267397892206,773
AN00000904_Br8667_Ant_Bulk,Excit,0.2527191351999268,773
AN00000904_Br8667_Ant_Bulk,Inhib,0.15197772828741848,773
AN00000904_Br8667_Ant_Cyto,Astro,0.11760778322710402,773
AN00000904_Br8667_Ant_Cyto,EndoMural,0.09704441486110221,773
AN00000904_Br8667_Ant_Cyto,Micro,0.0796798343479155,773
AN00000904_Br8667_Ant_Cyto,Oligo,0.2607478439328518,773
AN00000904_Br8667_Ant_Cyto,OPC,0.0419202843978825,773
AN00000904_Br8667_Ant_Cyto,Excit,0.30662510014003014,773
AN00000904_Br8667_Ant_Cyto,Inhib,0.09637473909311386,773
AN00000904_Br8667_Ant_Nuc,Astro,0.12287239838268,773
AN00000904_Br8667_Ant_Nuc,EndoMural,0.10002871745795898,773
AN00000904_Br8667_Ant_Nuc,Micro,0.05250608410676334,773
AN00000904_Br8667_Ant_Nuc,Oligo,0.23620523867142135,773
AN00000904_Br8667_Ant_Nuc,OPC,0.0533717717752857,773
AN00000904_Br8667_Ant_Nuc,Excit,0.29319223594978994,773
AN00000904_Br8667_Ant_Nuc,Inhib,0.1418235536561007,773
AN00000904_Br8667_Mid_Bulk,Astro,0.14245911602243008,773
AN00000904_Br8667_Mid_Bulk,EndoMural,0.1180328338222237,773
AN00000904_Br8667_Mid_Bulk,Micro,0.05293858566695894,773
AN00000904_Br8667_Mid_Bulk,Oligo,0.17182914677601718,773
AN00000904_Br8667_Mid_Bulk,OPC,0.05043770530881449,773
AN00000904_Br8667_Mid_Bulk,Excit,0.29015523508748753,773
AN00000904_Br8667_Mid_Bulk,Inhib,0.17414737731606808,773
AN00000904_Br8667_Mid_Cyto,Astro,0.14848295199139944,773
AN00000904_Br8667_Mid_Cyto,EndoMural,0.14890591536843104,773
AN00000904_Br8667_Mid_Cyto,Micro,0.06924180811572934,773
AN00000904_Br8667_Mid_Cyto,Oligo,0.1437040717138752,773
AN00000904_Br8667_Mid_Cyto,OPC,0.050300635862615184,773
AN00000904_Br8667_Mid_Cyto,Excit,0.29688284965681694,773
AN00000904_Br8667_Mid_Cyto,Inhib,0.14248176729113288,773
AN00000904_Br8667_Mid_Nuc,Astro,0.13885379856428903,773
AN00000904_Br8667_Mid_Nuc,EndoMural,0.12122082253236989,773
AN00000904_Br8667_Mid_Nuc,Micro,0.0567500407750298,773
AN00000904_Br8667_Mid_Nuc,Oligo,0.1234758130716569,773
AN00000904_Br8667_Mid_Nuc,OPC,0.05646520723681227,773
AN00000904_Br8667_Mid_Nuc,Excit,0.33347224183657426,773
AN00000904_Br8667_Mid_Nuc,Inhib,0.16976207598326792,773
AN00000906_Br2720_Post_Bulk,Astro,0.053148819276568116,773
AN00000906_Br2720_Post_Bulk,EndoMural,0.09044239254711803,773
AN00000906_Br2720_Post_Bulk,Micro,0.05212029349502454,773
AN00000906_Br2720_Post_Bulk,Oligo,0.1877543488444401,773
AN00000906_Br2720_Post_Bulk,OPC,0.048774205890521755,773
AN00000906_Br2720_Post_Bulk,Excit,0.4222872274900045,773
AN00000906_Br2720_Post_Bulk,Inhib,0.1454727124563229,773
AN00000906_Br2720_Post_Cyto,Astro,0.05155088469587378,773
AN00000906_Br2720_Post_Cyto,EndoMural,0.10640669329977782,773
AN00000906_Br2720_Post_Cyto,Micro,0.06762685516251131,773
AN00000906_Br2720_Post_Cyto,Oligo,0.1662254150421554,773
AN00000906_Br2720_Post_Cyto,OPC,0.04861640962112231,773
AN00000906_Br2720_Post_Cyto,Excit,0.400257185441123,773
AN00000906_Br2720_Post_Cyto,Inhib,0.15931655673743633,773
AN00000906_Br2720_Post_Nuc,Astro,0.04903772555150361,773
AN00000906_Br2720_Post_Nuc,EndoMural,0.1180223562509954,773
AN00000906_Br2720_Post_Nuc,Micro,0.044424932141156184,773
AN00000906_Br2720_Post_Nuc,Oligo,0.1263704521134585,773
AN00000906_Br2720_Post_Nuc,OPC,0.05260274387610993,773
AN00000906_Br2720_Post_Nuc,Excit,0.446738865368349,773
AN00000906_Br2720_Post_Nuc,Inhib,0.16280292469842741,773
AN00000906_Br2743_Ant_Bulk,Astro,0.057985010548621756,773
AN00000906_Br2743_Ant_Bulk,EndoMural,0.05531208009224007,773
AN00000906_Br2743_Ant_Bulk,Micro,0.03422014283242272,773
AN00000906_Br2743_Ant_Bulk,Oligo,0.33193696576464576,773
AN00000906_Br2743_Ant_Bulk,OPC,0.055924754542596426,773
AN00000906_Br2743_Ant_Bulk,Excit,0.36058465348592217,773
AN00000906_Br2743_Ant_Bulk,Inhib,0.10403639273355118,773
AN00000906_Br2743_Ant_Cyto,Astro,0.07111493099427779,773
AN00000906_Br2743_Ant_Cyto,EndoMural,0.07272954548764057,773
AN00000906_Br2743_Ant_Cyto,Micro,0.04399918785544648,773
AN00000906_Br2743_Ant_Cyto,Oligo,0.20024764374279097,773
AN00000906_Br2743_Ant_Cyto,OPC,0.06374553359007594,773
AN00000906_Br2743_Ant_Cyto,Excit,0.37809834022918914,773
AN00000906_Br2743_Ant_Cyto,Inhib,0.17006481810057913,773
AN00000906_Br2743_Ant_Nuc,Astro,0.0416839110503924,773
AN00000906_Br2743_Ant_Nuc,EndoMural,0.13732637135638834,773
AN00000906_Br2743_Ant_Nuc,Micro,0.033547250879453525,773
AN00000906_Br2743_Ant_Nuc,Oligo,0.23622762910338524,773
AN00000906_Br2743_Ant_Nuc,OPC,0.060904058579844184,773
AN00000906_Br2743_Ant_Nuc,Excit,0.37864634164353306,773
AN00000906_Br2743_Ant_Nuc,Inhib,0.11166443738700335,773
AN00000906_Br3942_Ant_Bulk,Astro,0.16255699431685433,773
AN00000906_Br3942_Ant_Bulk,EndoMural,0.09350324974467297,773
AN00000906_Br3942_Ant_Bulk,Micro,0.048968052025554834,773
AN00000906_Br3942_Ant_Bulk,Oligo,0.11239489796831069,773
AN00000906_Br3942_Ant_Bulk,OPC,0.046176700100784715,773
AN00000906_Br3942_Ant_Bulk,Excit,0.4128936480365872,773
AN00000906_Br3942_Ant_Bulk,Inhib,0.12350645780723528,773
AN00000906_Br3942_Ant_Cyto,Astro,0.15214432796277394,773
AN00000906_Br3942_Ant_Cyto,EndoMural,0.1032517161611333,773
AN00000906_Br3942_Ant_Cyto,Micro,0.07311602731801582,773
AN00000906_Br3942_Ant_Cyto,Oligo,0.14042818893156894,773
AN00000906_Br3942_Ant_Cyto,OPC,0.04503021089631515,773
AN00000906_Br3942_Ant_Cyto,Excit,0.38810620248176614,773
AN00000906_Br3942_Ant_Cyto,Inhib,0.09792332624842676,773
AN00000906_Br3942_Ant_Nuc,Astro,0.14651032115305646,773
AN00000906_Br3942_Ant_Nuc,EndoMural,0.1161873484644304,773
AN00000906_Br3942_Ant_Nuc,Micro,0.04352295605030162,773
AN00000906_Br3942_Ant_Nuc,Oligo,0.10911865353323552,773
AN00000906_Br3942_Ant_Nuc,OPC,0.054694210640917326,773
AN00000906_Br3942_Ant_Nuc,Excit,0.38048719848457113,773
AN00000906_Br3942_Ant_Nuc,Inhib,0.1494793116734875,773
AN00000906_Br3942_Mid_Bulk,Astro,0.14707657042997924,773
AN00000906_Br3942_Mid_Bulk,EndoMural,0.09021002538797691,773
AN00000906_Br3942_Mid_Bulk,Micro,0.04959143014886669,773
AN00000906_Br3942_Mid_Bulk,Oligo,0.1563696777602145,773
AN00000906_Br3942_Mid_Bulk,OPC,0.04424819601286364,773
AN00000906_Br3942_Mid_Bulk,Excit,0.3933862967317756,773
AN00000906_Br3942_Mid_Bulk,Inhib,0.11911780352832345,773
AN00000906_Br3942_Mid_Cyto,Astro,0.11910600324192125,773
AN00000906_Br3942_Mid_Cyto,EndoMural,0.11336903133918091,773
AN00000906_Br3942_Mid_Cyto,Micro,0.05640580900015956,773
AN00000906_Br3942_Mid_Cyto,Oligo,0.15257938183481626,773
AN00000906_Br3942_Mid_Cyto,OPC,0.04453320694380701,773
AN00000906_Br3942_Mid_Cyto,Excit,0.4055956622206018,773
AN00000906_Br3942_Mid_Cyto,Inhib,0.10841090541951329,773
AN00000906_Br3942_Mid_Nuc,Astro,0.11300456951507329,773
AN00000906_Br3942_Mid_Nuc,EndoMural,0.11135265844055979,773
AN00000906_Br3942_Mid_Nuc,Micro,0.03475859749951067,773
AN00000906_Br3942_Mid_Nuc,Oligo,0.13997744509205642,773
AN00000906_Br3942_Mid_Nuc,OPC,0.0454916043965698,773
AN00000906_Br3942_Mid_Nuc,Excit,0.4293822157669863,773
AN00000906_Br3942_Mid_Nuc,Inhib,0.12603290928924368,773
AN00000906_Br6423_Ant_Bulk,Astro,0.1279606480493205,773
AN00000906_Br6423_Ant_Bulk,EndoMural,0.0899730247069313,773
AN00000906_Br6423_Ant_Bulk,Micro,0.06382097118503381,773
AN00000906_Br6423_Ant_Bulk,Oligo,0.21001003643788968,773
AN00000906_Br6423_Ant_Bulk,OPC,0.04400287133373287,773
AN00000906_Br6423_Ant_Bulk,Excit,0.33775011975294283,773
AN00000906_Br6423_Ant_Bulk,Inhib,0.12648232853414906,773
AN00000906_Br6423_Ant_Cyto,Astro,0.13927662398865695,773
AN00000906_Br6423_Ant_Cyto,EndoMural,0.10522167925054851,773
AN00000906_Br6423_Ant_Cyto,Micro,0.05554597425011953,773
AN00000906_Br6423_Ant_Cyto,Oligo,0.17422522956656866,773
AN00000906_Br6423_Ant_Cyto,OPC,0.04737479979606815,773
AN00000906_Br6423_Ant_Cyto,Excit,0.32446414886006447,773
AN00000906_Br6423_Ant_Cyto,Inhib,0.15389154428797372,773
AN00000906_Br6423_Ant_Nuc,Astro,0.11757415974071479,773
AN00000906_Br6423_Ant_Nuc,EndoMural,0.09711232625327873,773
AN00000906_Br6423_Ant_Nuc,Micro,0.045983428816136734,773
AN00000906_Br6423_Ant_Nuc,Oligo,0.21262630267280783,773
AN00000906_Br6423_Ant_Nuc,OPC,0.0444284296615509,773
AN00000906_Br6423_Ant_Nuc,Excit,0.3614029758294186,773
AN00000906_Br6423_Ant_Nuc,Inhib,0.12087237702609245,773
AN00000906_Br6423_Post_Bulk,Astro,0.13742003059302735,773
AN00000906_Br6423_Post_Bulk,EndoMural,0.09025946682991003,773
AN00000906_Br6423_Post_Bulk,Micro,0.06211771658295751,773
AN00000906_Br6423_Post_Bulk,Oligo,0.22820431753515752,773
AN00000906_Br6423_Post_Bulk,OPC,0.04041096338058444,773
AN00000906_Br6423_Post_Bulk,Excit,0.3068125647377857,773
AN00000906_Br6423_Post_Bulk,Inhib,0.13477494034057752,773
AN00000906_Br6423_Post_Cyto,Astro,0.13152039695279089,773
AN00000906_Br6423_Post_Cyto,EndoMural,0.11634364120620264,773
AN00000906_Br6423_Post_Cyto,Micro,0.05927363760295996,773
AN00000906_Br6423_Post_Cyto,Oligo,0.18913720457994068,773
AN00000906_Br6423_Post_Cyto,OPC,0.044858984269560045,773
AN00000906_Br6423_Post_Cyto,Excit,0.3059476499717668,773
AN00000906_Br6423_Post_Cyto,Inhib,0.15291848541677902,773
AN00000906_Br6423_Post_Nuc,Astro,0.11379941002217286,773
AN00000906_Br6423_Post_Nuc,EndoMural,0.11146072736013647,773
AN00000906_Br6423_Post_Nuc,Micro,0.04688270121318052,773
AN00000906_Br6423_Post_Nuc,Oligo,0.23873818567150315,773
AN00000906_Br6423_Post_Nuc,OPC,0.04112162580790235,773
AN00000906_Br6423_Post_Nuc,Excit,0.32259957003754985,773
AN00000906_Br6423_Post_Nuc,Inhib,0.12539777988755474,773
AN00000906_Br6471_Mid_Bulk,Astro,0.08061038556919163,773
AN00000906_Br6471_Mid_Bulk,EndoMural,0.06899400643220026,773
AN00000906_Br6471_Mid_Bulk,Micro,0.045991976910399364,773
AN00000906_Br6471_Mid_Bulk,Oligo,0.28618504587044663,773
AN00000906_Br6471_Mid_Bulk,OPC,0.04374821458877135,773
AN00000906_Br6471_Mid_Bulk,Excit,0.36221486933468583,773
AN00000906_Br6471_Mid_Bulk,Inhib,0.11225550129430502,773
AN00000906_Br6471_Mid_Cyto,Astro,0.06713861115351295,773
AN00000906_Br6471_Mid_Cyto,EndoMural,0.07421663875623397,773
AN00000906_Br6471_Mid_Cyto,Micro,0.05293035965670088,773
AN00000906_Br6471_Mid_Cyto,Oligo,0.3663677019445568,773
AN00000906_Br6471_Mid_Cyto,OPC,0.04165584431252148,773
AN00000906_Br6471_Mid_Cyto,Excit,0.2925210443055671,773
AN00000906_Br6471_Mid_Cyto,Inhib,0.10516979987090687,773
AN00000906_Br6471_Mid_Nuc,Astro,0.053214528904738025,773
AN00000906_Br6471_Mid_Nuc,EndoMural,0.07408914975385614,773
AN00000906_Br6471_Mid_Nuc,Micro,0.03906494711072821,773
AN00000906_Br6471_Mid_Nuc,Oligo,0.3888985041705345,773
AN00000906_Br6471_Mid_Nuc,OPC,0.042983887216512716,773
AN00000906_Br6471_Mid_Nuc,Excit,0.3165218035539543,773
AN00000906_Br6471_Mid_Nuc,Inhib,0.08522717928967614,773
AN00000906_Br6522_Mid_Bulk,Astro,0.08554468093690215,773
AN00000906_Br6522_Mid_Bulk,EndoMural,0.06652070316206794,773
AN00000906_Br6522_Mid_Bulk,Micro,0.052793111645645416,773
AN00000906_Br6522_Mid_Bulk,Oligo,0.20415882648163816,773
AN00000906_Br6522_Mid_Bulk,OPC,0.04995819820644223,773
AN00000906_Br6522_Mid_Bulk,Excit,0.4252022307375366,773
AN00000906_Br6522_Mid_Bulk,Inhib,0.11582224882976759,773
AN00000906_Br6522_Mid_Cyto,Astro,0.07090955968400948,773
AN00000906_Br6522_Mid_Cyto,EndoMural,0.07197955312176112,773
AN00000906_Br6522_Mid_Cyto,Micro,0.05691721263083737,773
AN00000906_Br6522_Mid_Cyto,Oligo,0.24930464510426714,773
AN00000906_Br6522_Mid_Cyto,OPC,0.049027834372565575,773
AN00000906_Br6522_Mid_Cyto,Excit,0.3904074671370547,773
AN00000906_Br6522_Mid_Cyto,Inhib,0.11145372794950471,773
AN00000906_Br6522_Mid_Nuc,Astro,0.061712837927241956,773
AN00000906_Br6522_Mid_Nuc,EndoMural,0.08162015456004859,773
AN00000906_Br6522_Mid_Nuc,Micro,0.04007321775974312,773
AN00000906_Br6522_Mid_Nuc,Oligo,0.24165487155608417,773
AN00000906_Br6522_Mid_Nuc,OPC,0.04992115861173346,773
AN00000906_Br6522_Mid_Nuc,Excit,0.4261722533230793,773
AN00000906_Br6522_Mid_Nuc,Inhib,0.0988455062620695,773
AN00000906_Br6522_Post_Bulk,Astro,0.09814095571221872,773
AN00000906_Br6522_Post_Bulk,EndoMural,0.0729432156765112,773
AN00000906_Br6522_Post_Bulk,Micro,0.05506677818457098,773
AN00000906_Br6522_Post_Bulk,Oligo,0.14616637060147208,773
AN00000906_Br6522_Post_Bulk,OPC,0.05112285893976862,773
AN00000906_Br6522_Post_Bulk,Excit,0.4322660277822421,773
AN00000906_Br6522_Post_Bulk,Inhib,0.14429379310321633,773
AN00000906_Br6522_Post_Cyto,Astro,0.0886986206798128,773
AN00000906_Br6522_Post_Cyto,EndoMural,0.07743346724358152,773
AN00000906_Br6522_Post_Cyto,Micro,0.061465967940233665,773
AN00000906_Br6522_Post_Cyto,Oligo,0.14150532197030163,773
AN00000906_Br6522_Post_Cyto,OPC,0.04864871686476589,773
AN00000906_Br6522_Post_Cyto,Excit,0.4280603041995931,773
AN00000906_Br6522_Post_Cyto,Inhib,0.15418760110171134,773
AN00000906_Br6522_Post_Nuc,Astro,0.07689295614737245,773
AN00000906_Br6522_Post_Nuc,EndoMural,0.10468318392471404,773
AN00000906_Br6522_Post_Nuc,Micro,0.043153062222099844,773
AN00000906_Br6522_Post_Nuc,Oligo,0.12193234784680172,773
AN00000906_Br6522_Post_Nuc,OPC,0.0498797724581236,773
AN00000906_Br6522_Post_Nuc,Excit,0.4498322225812831,773
AN00000906_Br6522_Post_Nuc,Inhib,0.15362645481960538,773
AN00000906_Br8325_Ant_Bulk,Astro,0.14068388364673123,773
AN00000906_Br8325_Ant_Bulk,EndoMural,0.08488499197650307,773
AN00000906_Br8325_Ant_Bulk,Micro,0.049793423793584285,773
AN00000906_Br8325_Ant_Bulk,Oligo,0.1206369203521139,773
AN00000906_Br8325_Ant_Bulk,OPC,0.0450141918216191,773
AN00000906_Br8325_Ant_Bulk,Excit,0.4181461296408573,773
AN00000906_Br8325_Ant_Bulk,Inhib,0.1408404587685912,773
AN00000906_Br8325_Ant_Cyto,Astro,0.10821833767320875,773
AN00000906_Br8325_Ant_Cyto,EndoMural,0.10118129177694407,773
AN00000906_Br8325_Ant_Cyto,Micro,0.05031123663225016,773
AN00000906_Br8325_Ant_Cyto,Oligo,0.16142306567065556,773
AN00000906_Br8325_Ant_Cyto,OPC,0.04829689408885017,773
AN00000906_Br8325_Ant_Cyto,Excit,0.36319127592018413,773
AN00000906_Br8325_Ant_Cyto,Inhib,0.1673778982379072,773
AN00000906_Br8325_Ant_Nuc,Astro,0.1007952366959433,773
AN00000906_Br8325_Ant_Nuc,EndoMural,0.10423257258252229,773
AN00000906_Br8325_Ant_Nuc,Micro,0.03656952399406414,773
AN00000906_Br8325_Ant_Nuc,Oligo,0.1292231195274476,773
AN00000906_Br8325_Ant_Nuc,OPC,0.04667879636404352,773
AN00000906_Br8325_Ant_Nuc,Excit,0.44897066864597507,773
AN00000906_Br8325_Ant_Nuc,Inhib,0.13353008219000412,773
AN00000906_Br8325_Mid_Bulk,Astro,0.051238047890201976,773
AN00000906_Br8325_Mid_Bulk,EndoMural,0.04431198687534382,773
AN00000906_Br8325_Mid_Bulk,Micro,0.04577889547699388,773
AN00000906_Br8325_Mid_Bulk,Oligo,0.6251283676340019,773
AN00000906_Br8325_Mid_Bulk,OPC,0.038978234345127045,773
AN00000906_Br8325_Mid_Bulk,Excit,0.14600470990120748,773
AN00000906_Br8325_Mid_Bulk,Inhib,0.04855975787712385,773
AN00000906_Br8325_Mid_Cyto,Astro,0.01626405256812128,773
AN00000906_Br8325_Mid_Cyto,EndoMural,0.03489652829021302,773
AN00000906_Br8325_Mid_Cyto,Micro,0.043358975212242315,773
AN00000906_Br8325_Mid_Cyto,Oligo,0.8015367367044548,773
AN00000906_Br8325_Mid_Cyto,OPC,0.028750484238005945,773
AN00000906_Br8325_Mid_Cyto,Excit,0.0497718986259441,773
AN00000906_Br8325_Mid_Cyto,Inhib,0.025421324361018585,773
AN00000906_Br8325_Mid_Nuc,Astro,0.010605666402738157,773
AN00000906_Br8325_Mid_Nuc,EndoMural,0.034606221399926966,773
AN00000906_Br8325_Mid_Nuc,Micro,0.03332317143011461,773
AN00000906_Br8325_Mid_Nuc,Oligo,0.8248430527281068,773
AN00000906_Br8325_Mid_Nuc,OPC,0.03457763327413688,773
AN00000906_Br8325_Mid_Nuc,Excit,0.03573437480010805,773
AN00000906_Br8325_Mid_Nuc,Inhib,0.026309879964868648,773
AN00000906_Br8492_Mid_Bulk,Astro,0.05054909039428816,773
AN00000906_Br8492_Mid_Bulk,EndoMural,0.07026618769302856,773
AN00000906_Br8492_Mid_Bulk,Micro,0.05555832785230645,773
AN00000906_Br8492_Mid_Bulk,Oligo,0.27662200538303405,773
AN00000906_Br8492_Mid_Bulk,OPC,0.03857356674593835,773
AN00000906_Br8492_Mid_Bulk,Excit,0.3986180394085629,773
AN00000906_Br8492_Mid_Bulk,Inhib,0.10981278252284157,773
AN00000906_Br8492_Mid_Cyto,Astro,0.05054466982662911,773
AN00000906_Br8492_Mid_Cyto,EndoMural,0.08181466238201279,773
AN00000906_Br8492_Mid_Cyto,Micro,0.05805394253034621,773
AN00000906_Br8492_Mid_Cyto,Oligo,0.26896711721750616,773
AN00000906_Br8492_Mid_Cyto,OPC,0.037906550707947136,773
AN00000906_Br8492_Mid_Cyto,Excit,0.3643859631367955,773
AN00000906_Br8492_Mid_Cyto,Inhib,0.13832709419876313,773
AN00000906_Br8492_Post_Bulk,Astro,0.035523160305581204,773
AN00000906_Br8492_Post_Bulk,EndoMural,0.08218760239550482,773
AN00000906_Br8492_Post_Bulk,Micro,0.05156099350847626,773
AN00000906_Br8492_Post_Bulk,Oligo,0.275783343940475,773
AN00000906_Br8492_Post_Bulk,OPC,0.034201130281047085,773
AN00000906_Br8492_Post_Bulk,Excit,0.38993603857951814,773
AN00000906_Br8492_Post_Bulk,Inhib,0.13080773098939757,773
AN00000906_Br8492_Post_Cyto,Astro,0.0467331635723828,773
AN00000906_Br8492_Post_Cyto,EndoMural,0.08947026940386418,773
AN00000906_Br8492_Post_Cyto,Micro,0.06102016613545678,773
AN00000906_Br8492_Post_Cyto,Oligo,0.2701440813274435,773
AN00000906_Br8492_Post_Cyto,OPC,0.036584189043581114,773
AN00000906_Br8492_Post_Cyto,Excit,0.35180298427398343,773
AN00000906_Br8492_Post_Cyto,Inhib,0.1442451462432882,773
AN00000906_Br8492_Post_Nuc,Astro,0.04382979567579891,773
AN00000906_Br8492_Post_Nuc,EndoMural,0.12963941693784686,773
AN00000906_Br8492_Post_Nuc,Micro,0.048910177741161215,773
AN00000906_Br8492_Post_Nuc,Oligo,0.24973156784991205,773
AN00000906_Br8492_Post_Nuc,OPC,0.031235605864122207,773
AN00000906_Br8492_Post_Nuc,Excit,0.36385724437509315,773
AN00000906_Br8492_Post_Nuc,Inhib,0.13279619155606565,773
AN00000906_Br8667_Ant_Bulk,Astro,0.13000357339974325,773
AN00000906_Br8667_Ant_Bulk,EndoMural,0.07935250123057641,773
AN00000906_Br8667_Ant_Bulk,Micro,0.06485636940415797,773
AN00000906_Br8667_Ant_Bulk,Oligo,0.1871658072118676,773
AN00000906_Br8667_Ant_Bulk,OPC,0.04226026381950703,773
AN00000906_Br8667_Ant_Bulk,Excit,0.36326770563911714,773
AN00000906_Br8667_Ant_Bulk,Inhib,0.13309377929503058,773
AN00000906_Br8667_Ant_Cyto,Astro,0.1187937686040535,773
AN00000906_Br8667_Ant_Cyto,EndoMural,0.09487780741727847,773
AN00000906_Br8667_Ant_Cyto,Micro,0.0756742528311128,773
AN00000906_Br8667_Ant_Cyto,Oligo,0.18248173933040834,773
AN00000906_Br8667_Ant_Cyto,OPC,0.04020499602854389,773
AN00000906_Br8667_Ant_Cyto,Excit,0.3719803747918535,773
AN00000906_Br8667_Ant_Cyto,Inhib,0.11598706099674959,773
AN00000906_Br8667_Ant_Nuc,Astro,0.13066472402142734,773
AN00000906_Br8667_Ant_Nuc,EndoMural,0.08606916244383897,773
AN00000906_Br8667_Ant_Nuc,Micro,0.048741857856023314,773
AN00000906_Br8667_Ant_Nuc,Oligo,0.20246095264511377,773
AN00000906_Br8667_Ant_Nuc,OPC,0.04384198960717542,773
AN00000906_Br8667_Ant_Nuc,Excit,0.35150167456143055,773
AN00000906_Br8667_Ant_Nuc,Inhib,0.13671963886499056,773
AN00000906_Br8667_Mid_Bulk,Astro,0.15700440427919649,773
AN00000906_Br8667_Mid_Bulk,EndoMural,0.09525341398729788,773
AN00000906_Br8667_Mid_Bulk,Micro,0.06559378211818288,773
AN00000906_Br8667_Mid_Bulk,Oligo,0.12116822590648889,773
AN00000906_Br8667_Mid_Bulk,OPC,0.040033081474303484,773
AN00000906_Br8667_Mid_Bulk,Excit,0.3649976444645778,773
AN00000906_Br8667_Mid_Bulk,Inhib,0.15594944776995268,773
AN00000906_Br8667_Mid_Cyto,Astro,0.16539479285419809,773
AN00000906_Br8667_Mid_Cyto,EndoMural,0.1406163926962508,773
AN00000906_Br8667_Mid_Cyto,Micro,0.07195951464491318,773
AN00000906_Br8667_Mid_Cyto,Oligo,0.10698869189579314,773
AN00000906_Br8667_Mid_Cyto,OPC,0.04248939751629792,773
AN00000906_Br8667_Mid_Cyto,Excit,0.32278503447748985,773
AN00000906_Br8667_Mid_Cyto,Inhib,0.14976617591505703,773
AN00000906_Br8667_Mid_Nuc,Astro,0.1616581646242081,773
AN00000906_Br8667_Mid_Nuc,EndoMural,0.11128943065925012,773
AN00000906_Br8667_Mid_Nuc,Micro,0.05287484680015043,773
AN00000906_Br8667_Mid_Nuc,Oligo,0.09381343613342631,773
AN00000906_Br8667_Mid_Nuc,OPC,0.0470859149122551,773
AN00000906_Br8667_Mid_Nuc,Excit,0.36108359553878994,773
AN00000906_Br8667_Mid_Nuc,Inhib,0.17219461133191993,773
